camera_matrix:
- - 718.0185818253857
  - 0.0
  - 323.4567247857622
- - 0.0
  - 718.7782113904716
  - 235.99239839273147
- - 0.0
  - 0.0
  - 1.0
distortion_coefficients:
- - 0.09119377823619247
  - 0.0626265233941177
  - -0.007768343835168918
  - -0.004451209268144528
  - 0.48630799030494654
